tensor([2.3026e-03, 8.2543e-03, 2.0857e-02, 2.6090e-02, 1.0973e-02, 1.9636e-02,
        4.4597e-03, 4.6016e-03, 1.4407e-03, 1.4778e-02, 8.6164e-01, 3.4944e-03,
        1.5140e-01, 3.9704e-03, 5.2855e-03, 6.0414e-03, 6.4706e-01, 5.0070e-03,
        9.3768e-03, 2.5009e-02, 9.5775e-01, 5.8769e-03, 4.7065e-03, 6.8589e-03,
        4.5110e-03, 4.0320e-03, 8.6877e-01, 4.1089e-03, 5.2797e-03, 6.6575e-01,
        3.1269e-03, 3.9523e-03, 4.0772e-03, 5.4135e-03, 7.8714e-01, 2.5931e-03,
        8.6223e-03, 7.2684e-03, 1.1621e-02, 5.3616e-03, 3.2976e-03, 8.5960e-03,
        7.8780e-03, 3.9539e-03, 6.3749e-03, 3.9671e-03, 3.8843e-03, 7.0526e-03,
        3.7096e-03, 1.9048e-02, 1.2640e-01, 1.2765e-02, 9.9769e-03, 8.5110e-03,
        4.6935e-03, 2.6243e-03, 8.5189e-03, 3.4062e-03, 4.8768e-01, 1.8897e-03,
        6.0517e-03, 7.9447e-03, 2.0304e-01, 2.5647e-02, 7.4509e-01, 5.5859e-03,
        3.6686e-03, 1.0822e-02, 1.1143e-02, 3.5455e-03, 3.3164e-03, 9.1746e-03,
        1.4113e-02, 5.3413e-03, 1.3835e-02, 5.7617e-03, 3.0158e-03, 4.2188e-03,
        3.5955e-03, 3.9160e-03, 5.4804e-01, 9.2804e-03, 4.7959e-03, 5.6479e-03,
        1.0250e-02, 2.1732e-02, 5.4793e-03, 4.2831e-03, 4.8262e-03, 1.6869e-02,
        8.7522e-03, 2.0540e-03, 1.1632e+00, 9.7563e-03, 8.6554e-03, 1.6750e-02,
        5.7237e-01, 9.6877e-03, 5.4317e-03, 7.5708e-03, 3.2360e-03, 8.9215e-03,
        3.2356e-03, 7.7405e-03, 7.4372e-03, 3.6977e-03, 3.0880e-03, 5.8653e-03,
        5.6721e-03, 9.7132e-03, 9.9387e-01, 1.7624e-02, 4.6756e-03, 9.0376e-01,
        4.9328e-03, 1.0069e-02, 3.4734e-03, 4.7445e-03, 1.3538e-02, 3.2331e-03,
        1.8834e-02, 6.5396e-03, 3.8482e-03, 7.6118e-03, 1.0670e-02, 1.1753e-02,
        1.1341e-02, 7.6462e-01, 3.1473e-03, 1.6536e-02, 9.8460e-03, 3.3791e-03,
        4.7028e-03, 9.2451e-01, 2.1507e-02, 5.6491e-03, 2.9666e-03, 9.2003e-03,
        6.9855e-03, 9.8673e-01, 8.6929e-01, 1.6199e-02, 3.1804e-03, 2.6307e-03,
        6.3939e-01, 8.1429e-03, 9.4700e-03, 2.6263e-01, 9.3963e-02, 2.5371e-03,
        7.6743e-03, 1.5250e-02, 4.3613e-03, 2.9227e-03, 4.5199e-01, 3.3022e-03,
        7.6349e-03, 9.6760e-03, 8.9379e-01, 1.6759e-02, 6.7588e-03, 3.9813e-03,
        4.8463e-03, 3.9518e-03, 7.7407e-03, 2.7130e-03, 3.4990e-03, 1.4462e-02,
        3.1492e-03, 1.7422e-02, 5.9652e-03, 2.8436e-03, 6.3631e-03, 4.0916e-03,
        1.0942e-02, 5.1076e-03, 7.5986e-03, 2.0165e-03, 4.9182e-03, 6.3532e-03,
        3.8802e-03, 5.6703e-01, 7.5687e-03, 2.1705e-02, 1.0888e-02, 2.9357e-03,
        2.0533e-02, 7.5878e-01, 6.7471e-03, 5.9776e-02, 1.9056e-02, 8.7118e-03,
        4.7732e-03, 3.6330e-03, 7.4204e-03, 4.9492e-03, 8.7912e-03, 4.7574e-03,
        2.6753e-03, 3.2775e-03, 4.5010e-03, 2.8492e-03, 6.2615e-03, 3.3669e-01,
        5.9687e-03, 4.4152e-03, 3.1850e-02, 1.2557e-02, 3.1069e-03, 8.0214e-03,
        1.3246e-03, 4.3210e-03, 5.3321e-03, 1.3771e-02, 5.8134e-03, 1.5216e-02,
        6.3808e-03, 5.0311e-03, 3.0344e-03, 7.9474e-01, 6.1696e-01, 9.8253e-01,
        1.7930e-02, 8.7153e-03, 6.7422e-03, 8.9112e-03, 4.2841e-03, 4.6421e-03,
        3.4882e-03, 6.1695e-03, 8.9636e-03, 5.9833e-03, 7.7963e-03, 7.4714e-03,
        4.6888e-03, 4.8867e-03, 2.5871e-01, 7.6230e-01, 1.3743e-03, 2.6870e-03,
        7.6968e-01, 7.8191e-03, 3.4484e-03, 9.5350e-03, 2.2019e-02, 3.3137e-03,
        1.6831e-02, 6.1785e-03, 4.6310e-03, 2.2297e-02, 8.1664e-03, 9.0442e-01,
        6.8360e-03, 1.0740e-02, 4.8339e-03, 7.1062e-03, 2.0389e-02, 7.4962e-03,
        5.3725e-03, 7.8876e-03, 6.2827e-03, 3.4395e-03, 1.8676e-02, 1.1860e+00,
        7.2413e-03, 2.7773e-03, 5.4226e-01, 8.4039e-01, 1.6190e-02, 7.5497e-03,
        6.6988e-01, 2.7719e-03, 4.0332e-03, 3.4372e-03, 3.8989e-03, 2.7293e-02,
        3.6271e-03, 1.7050e-02, 6.6992e-03, 3.5709e-03, 3.3891e-03, 2.2178e-03,
        4.2734e-03, 1.4756e-02, 1.1013e-02, 6.6401e-03, 9.0012e-03, 1.6277e-02,
        1.8173e-03, 9.0647e-03, 3.9177e-03, 7.9824e-03, 3.0619e-01, 1.1775e-02,
        3.7275e-03, 3.1645e-03, 5.5229e-03, 1.9314e-03, 1.1754e-02, 7.3094e-01,
        4.2581e-03, 4.4070e-03, 2.3391e-02, 7.9206e-03, 1.1613e-02, 8.1307e-03,
        1.3210e-02, 7.8033e-03, 1.8689e-02, 2.2788e-02, 4.0030e-03, 2.5570e-03,
        2.1125e-02, 6.7084e-03, 3.1658e-03, 1.7194e-02, 9.4095e-03, 8.1678e-03,
        6.0794e-03, 5.6559e-03, 3.2198e-03, 1.1241e-02, 1.3190e-02, 5.0796e-03,
        1.5653e-01, 1.2914e-02, 3.4800e-03, 5.8929e-03, 3.1564e-01, 6.5097e-03,
        4.3644e-03, 3.1845e-03, 1.0437e-02, 2.1416e-02, 4.6154e-03, 1.1548e-01,
        7.8344e-03, 2.0266e-02, 6.7392e-03, 1.8679e-02, 5.5708e-03, 1.0941e-02,
        8.3657e-03, 9.9553e-03, 1.1925e-02, 2.7189e-02, 8.1598e-01, 5.0294e-03,
        3.8859e-03, 7.8433e-03, 9.8558e-01, 5.0462e-03, 9.1192e-03, 1.3635e-02,
        4.8762e-03, 4.8737e-03, 5.9605e-03, 4.7392e-03, 3.6110e-03, 7.7691e-03,
        4.7956e-03, 1.0649e-02, 9.1722e-01, 1.8591e-02, 5.6534e-03, 4.3165e-03,
        2.8484e-03, 2.9029e-03, 3.4861e-03, 1.0292e-02, 2.9913e-03, 3.3195e-03,
        6.9352e-03, 6.8036e-03, 4.2113e-01, 5.3212e-01, 3.0049e-03, 2.0541e-03,
        3.3381e-03, 9.5837e-03, 4.6021e-03, 1.1791e-02, 1.2765e-02, 4.6983e-03,
        7.2302e-03, 3.4195e-03, 3.2631e-03, 6.4253e-03, 4.4404e-03, 1.1704e-02,
        4.8544e-03, 4.1178e-03, 4.4351e-03, 7.8362e-03, 4.6652e-01, 1.0157e-02,
        5.2591e-03, 1.1417e-02, 5.5792e-03, 3.3325e-03, 1.0763e-02, 3.2694e-03,
        3.7861e-03, 7.8534e-01, 5.9097e-03, 4.8684e-03, 1.1269e-02, 5.1518e-03,
        7.7875e-03, 3.8953e-03, 1.9122e-03, 3.2599e-03, 3.2321e-03, 1.3691e-02,
        1.5046e-02, 1.0437e-02, 8.5522e-04, 2.4012e-03, 8.1254e-03, 7.9349e-03,
        4.6154e-03, 6.3161e-03, 2.2119e-01, 1.5377e-02, 1.0499e+00, 1.3944e-02,
        2.1132e-02, 5.7277e-03, 1.0299e-02, 2.7200e-01, 8.4158e-03, 5.9340e-03,
        5.3682e-03, 7.7038e-03, 1.0118e-02, 1.0332e-02, 4.1588e-01, 1.6459e-02,
        4.5580e-03, 6.1889e-03, 1.6529e-03, 7.9327e-03, 7.0155e-01, 4.4539e-03,
        8.6382e-03, 2.5727e-02, 1.2016e-02, 4.7532e-03, 1.7685e-02, 5.6090e-03,
        3.5164e-03, 8.4877e-03, 4.1342e-03, 3.5529e-03, 9.5878e-03, 7.2241e-03,
        4.9865e-03, 9.1447e-03, 1.6106e-02, 6.5842e-03, 9.1705e-03, 4.8527e-03,
        3.4458e-01, 5.4143e-03, 1.5447e-02, 5.2313e-03, 2.1200e-02, 2.0400e-02,
        3.1028e-03, 1.7427e-01, 2.1296e-02, 1.3072e-02, 1.1393e-02, 3.4765e-01,
        3.1635e-03, 3.7016e-03, 2.0144e-02, 1.1118e-02, 1.9060e-02, 4.8321e-03,
        2.0624e-02, 2.7577e-03, 1.3501e-02, 8.1084e-03, 7.5003e-03, 1.2309e-02,
        1.7782e-02, 1.4329e-02, 6.2482e-01, 1.5372e-02, 4.9022e-03, 1.9591e-02,
        1.0584e-02, 1.4321e-02, 3.9604e-03, 2.3885e-03, 7.4169e-01, 2.9027e-01,
        8.5561e-01, 3.9579e-01, 1.5362e-02, 5.8602e-03, 3.5502e-03, 7.5045e-03,
        1.1265e+00, 4.4901e-03, 1.2368e-02, 1.0447e-02, 1.0646e+00, 3.6480e-03,
        5.1599e-01, 7.3926e-03], device='cuda:0')
tensor([1.3788e-03, 7.0195e-03, 4.1451e-03, 5.0521e-03, 3.5232e-03, 9.3968e-03,
        2.9545e-03, 1.4609e-03, 3.0731e-01, 2.7258e-03, 7.3523e-03, 5.6553e-01,
        3.4447e-03, 1.9316e-03, 1.2346e-03, 7.5161e-03, 6.4648e-03, 1.5800e-03,
        1.2873e-02, 3.4726e-03, 8.0978e-03, 3.6583e-03, 3.1072e-03, 6.0754e-03,
        7.7115e-01, 1.0757e-03, 7.3299e-03, 6.8986e-01, 1.6645e-03, 5.8700e-03,
        5.5019e-01, 2.5416e-03, 6.8668e-01, 2.8071e-03, 6.7312e-03, 3.8048e-01,
        1.1318e-02, 2.3105e-03, 5.4579e-03, 9.2490e-01, 1.7330e-01, 2.7530e-03,
        1.1168e-02, 1.4951e-01, 2.0278e-03, 2.5550e-03, 6.5078e-01, 2.3807e-03,
        2.3738e-03, 4.0424e-03, 2.7979e-03, 1.0703e-02, 8.3752e-03, 1.0274e-02,
        1.9571e-03, 1.6154e-03, 6.9850e-03, 2.1605e-03, 3.5904e-03, 3.2625e-01,
        1.8658e-03, 5.6651e-03, 5.9080e-03, 1.2247e-02, 6.3780e-03, 1.8006e-03,
        2.3332e-03, 9.0881e-03, 6.6641e-03, 5.9502e-01, 2.0913e-03, 4.1866e-02,
        6.4787e-03, 1.6756e-03, 8.1925e-03, 3.8656e-03, 1.9003e-03, 7.1540e-01,
        6.0224e-01, 2.5137e-03, 3.7113e-03, 7.8525e-03, 1.4969e-03, 1.7741e-03,
        8.6403e-03, 4.3220e-03, 4.8732e-03, 2.2260e-01, 8.1263e-02, 7.7767e-03,
        7.4480e-03, 6.5510e-04, 9.7443e-03, 3.1377e-03, 1.1082e-02, 7.7097e-03,
        4.9935e-03, 1.4123e-02, 9.4866e-01, 4.3538e-03, 2.5455e-03, 7.5728e-03,
        2.7113e-03, 2.4573e-03, 3.1524e-03, 2.3593e-03, 1.9528e-03, 1.8588e-03,
        1.8216e-03, 1.2316e-02, 8.4044e-03, 1.0372e-02, 1.2727e-03, 7.6771e-03,
        4.2951e-03, 8.5373e-03, 2.2043e-03, 8.1252e-01, 6.4427e-03, 2.7506e-03,
        9.0603e-03, 2.0852e-03, 2.7641e-03, 2.4167e-03, 8.9927e-03, 5.7897e-03,
        6.7813e-03, 6.4968e-03, 1.9854e-03, 7.1919e-03, 1.2325e-02, 9.4445e-04,
        8.0480e-01, 7.8236e-03, 4.4261e-03, 3.2965e-03, 9.9065e-04, 7.5027e-03,
        2.2523e-03, 8.3580e-03, 7.3440e-03, 7.1156e-03, 1.5781e-03, 1.6209e-03,
        5.6750e-03, 1.0266e-02, 2.1380e-03, 5.2996e-03, 5.4901e-03, 4.4794e-01,
        4.3771e-03, 1.9509e-02, 7.2465e-01, 8.8577e-04, 2.3625e-01, 5.3183e-01,
        2.4318e-03, 5.7307e-03, 7.6762e-03, 8.0126e-03, 2.1667e-03, 2.5621e-03,
        3.1510e-03, 1.2746e-03, 1.0022e-02, 7.7843e-04, 1.0577e-03, 8.5446e-03,
        4.7564e-01, 3.0011e-03, 1.9294e-03, 4.9627e-01, 2.1626e-03, 1.2467e-03,
        9.2005e-03, 1.4337e-03, 2.4802e-03, 5.1384e-04, 2.9844e-03, 1.9834e-03,
        7.4702e-04, 4.8112e-03, 9.5901e-03, 1.0139e-02, 6.6091e-03, 2.7709e-03,
        4.0437e-03, 6.5483e-03, 2.1670e-03, 8.7658e-04, 9.0826e-03, 1.5680e-02,
        8.2549e-01, 1.3874e-03, 7.7106e-03, 2.9304e-03, 1.0554e-02, 7.6123e-01,
        1.6591e-03, 4.0472e-01, 7.7965e-01, 1.0869e-03, 9.8877e-04, 1.2315e-01,
        1.8842e-03, 8.8942e-03, 5.8412e-03, 7.7617e-03, 2.0040e-03, 1.0406e-02,
        9.0325e-02, 6.9995e-01, 4.6062e-03, 6.3171e-03, 1.1728e-03, 3.0709e-03,
        1.3731e-03, 2.9780e-03, 8.2661e-04, 6.7236e-03, 4.7008e-03, 8.3159e-03,
        8.4401e-03, 2.6956e-03, 2.5811e-01, 1.1683e-02, 1.1417e-03, 7.9335e-01,
        2.2291e-03, 3.4930e-03, 7.5424e-03, 1.0262e+00, 2.4844e-03, 2.4223e-03,
        8.0933e-01, 1.4799e-03, 4.6204e-03, 6.5445e-03, 2.9124e-01, 1.6586e-03,
        6.5436e-03, 9.7138e-03, 9.2492e-04, 8.1285e-03, 4.2573e-03, 6.6731e-04,
        7.9629e-03, 1.9733e-03, 1.4169e-03, 4.5663e-03, 1.2325e-02, 7.6452e-03,
        3.4477e-03, 5.5362e-03, 2.4726e-03, 2.2986e-03, 9.7322e-03, 9.8216e-03,
        3.4696e-03, 2.4275e-03, 2.0481e-03, 1.3889e-03, 7.5765e-03, 9.9835e-03,
        8.7525e-03, 1.7213e-03, 4.8217e-03, 7.1218e-03, 7.4753e-03, 2.4122e-03,
        5.6482e-03, 2.1714e-03, 1.3963e-03, 2.4801e-03, 2.4994e-03, 5.4729e-03,
        5.2612e-01, 1.0012e-02, 3.6646e-01, 2.8203e-02, 2.1583e-03, 1.1203e-03,
        1.1618e-03, 8.6863e-03, 1.7462e-03, 2.1002e-03, 7.9001e-03, 9.5917e-03,
        1.0078e-03, 1.2708e-02, 2.3628e-03, 2.5878e-03, 5.4601e-03, 2.6607e-03,
        3.3456e-03, 5.7346e-01, 1.7254e-03, 1.0920e-03, 2.2469e-03, 6.2376e-03,
        7.2917e-01, 7.5635e-01, 1.1143e-02, 9.8740e-03, 1.5062e-02, 1.6530e-03,
        8.0843e-03, 2.4561e-03, 8.8507e-03, 4.6203e-03, 1.9776e-03, 1.6168e-03,
        4.3165e-03, 2.1519e-03, 1.9984e-03, 8.1009e-03, 1.5784e-02, 2.6060e-03,
        1.0618e+00, 1.7938e-03, 2.4591e-03, 5.1288e-03, 7.9092e-03, 4.2098e-03,
        2.2851e-03, 7.7175e-03, 5.5621e-01, 4.3157e-03, 2.5384e-03, 1.6153e-03,
        4.8264e-01, 5.1849e-01, 1.9761e-01, 1.0289e-02, 1.1646e-03, 3.2334e-03,
        1.0613e-02, 3.9833e-03, 2.1345e-03, 3.8638e-03, 1.3563e-03, 1.4002e-02,
        7.0859e-03, 3.1541e-03, 5.6440e-03, 5.3887e-03, 7.2615e-03, 6.0878e-01,
        2.4979e-03, 1.2636e-03, 8.3578e-03, 3.2244e-03, 7.7493e-03, 6.5152e-03,
        6.6763e-01, 1.4974e-03, 1.0472e-03, 1.4146e-03, 1.0249e-03, 1.0052e-02,
        8.1770e-01, 8.9898e-03, 7.7886e-03, 3.7155e-03, 1.7737e-03, 9.5728e-04,
        1.7773e-03, 1.8180e-03, 2.2164e-03, 8.6838e-03, 1.4810e-03, 3.1248e-01,
        2.1887e-03, 2.2020e-03, 2.6196e-03, 4.9616e-03, 4.9387e-01, 1.2882e-03,
        5.0746e-01, 1.2651e-02, 7.7796e-01, 5.7454e-03, 4.2126e-03, 4.9606e-01,
        1.1605e-03, 2.1471e-03, 4.3843e-01, 4.6088e-01, 7.6131e-01, 1.5336e-02,
        4.8716e-01, 9.7893e-04, 7.7314e-01, 2.8838e-03, 3.2141e-03, 1.3434e-02,
        5.0988e-01, 1.4730e-02, 1.2421e-03, 4.4231e-03, 4.2683e-02, 1.4912e-03,
        2.4244e-03, 6.6864e-03, 1.8828e-03, 2.4690e-01, 9.4513e-03, 1.6319e-03,
        1.0261e-02, 1.3718e-03, 1.6484e-03, 2.0595e-03, 1.6812e-03, 6.2665e-03,
        8.9165e-03, 6.2816e-03, 4.3181e-02, 6.1372e-04, 2.5918e-03, 4.7367e-03,
        7.9791e-01, 4.4908e-03, 1.8093e-03, 9.0937e-03, 8.8277e-03, 2.4866e-03,
        1.0028e-02, 5.6232e-02, 5.1741e-03, 4.3870e-03, 6.6630e-03, 3.9472e-03,
        1.1179e-03, 2.4979e-03, 3.2439e-03, 8.7097e-03, 3.0036e-03, 7.8917e-03,
        1.1366e-03, 2.0225e-03, 6.3247e-04, 9.6813e-03, 5.9923e-03, 2.8842e-03,
        2.7699e-03, 1.2255e-02, 7.2153e-03, 3.0880e-03, 8.3963e-03, 1.7493e-03,
        2.1852e-03, 4.9257e-03, 6.7481e-01, 1.5656e-03, 1.2726e-02, 4.5668e-03,
        8.6553e-01, 2.9407e-03, 2.9910e-03, 2.0719e-03, 1.1745e-02, 2.0888e-03,
        5.6512e-03, 9.4611e-01, 3.1712e-03, 9.0113e-01, 4.2587e-03, 3.6299e-03,
        8.5389e-04, 2.3081e-01, 1.0148e-02, 7.8298e-03, 3.4570e-03, 5.6292e-03,
        1.9873e-03, 6.0856e-01, 4.2276e-03, 6.7646e-03, 3.6725e-03, 8.3059e-01,
        4.1070e-03, 2.5056e-03, 8.0601e-03, 3.7676e-03, 3.9082e-03, 5.2631e-01,
        8.5510e-03, 8.5360e-03, 5.5003e-03, 2.7783e-03, 1.3898e-03, 3.3286e-03,
        1.7202e-03, 6.6135e-03, 1.1452e-03, 1.2044e-03, 6.4554e-03, 4.7419e-03,
        7.2505e-03, 5.8463e-03, 7.2183e-03, 4.4380e-03, 5.8017e-01, 2.5816e-01,
        9.4632e-03, 7.6313e-01, 7.3578e-03, 1.8321e-02, 8.9732e-03, 5.5483e-01,
        4.6042e-03, 8.0849e-02], device='cuda:0')
tensor([0.0069, 0.0189, 0.9776, 1.2009, 0.0151, 0.0088, 0.0076, 0.0059, 0.0027,
        0.7305, 0.0183, 0.0021, 0.0039, 0.0074, 0.3327, 0.0041, 0.0140, 0.0064,
        0.0076, 0.8036, 0.0197, 0.0092, 0.0080, 0.0159, 0.0023, 0.0054, 0.0213,
        0.0021, 0.0076, 0.0130, 0.0018, 0.0107, 0.0021, 0.0096, 0.0166, 0.0014,
        0.0067, 0.0105, 0.0051, 0.0026, 0.0048, 0.0120, 0.0062, 0.0031, 0.0084,
        0.0107, 0.0020, 0.0196, 0.0101, 0.9950, 0.0060, 0.0290, 0.0223, 0.0065,
        0.0081, 0.0079, 0.0179, 0.0054, 0.7038, 0.0017, 0.0087, 0.0042, 0.0046,
        0.0117, 0.0253, 0.0109, 0.0104, 0.0242, 0.0155, 0.0019, 0.0091, 0.0040,
        0.0060, 0.0071, 0.0201, 0.0102, 0.0088, 0.0022, 0.0019, 0.0106, 0.5729,
        0.0213, 0.0064, 0.0082, 0.0231, 1.0311, 0.0136, 0.0032, 0.0038, 0.0073,
        0.0199, 0.0021, 0.0235, 0.0137, 0.0068, 0.0072, 0.0109, 0.0078, 0.0027,
        0.0110, 0.0078, 0.0201, 0.0096, 0.0109, 0.4161, 0.0101, 0.0085, 0.0078,
        0.0093, 0.0077, 0.0206, 0.0266, 0.0064, 0.0189, 0.0124, 0.0232, 0.0094,
        0.0024, 0.0060, 0.0077, 0.0085, 0.0086, 0.0105, 0.0107, 0.0242, 0.0094,
        0.0170, 0.0142, 0.0088, 0.0066, 0.0076, 0.0045, 0.0024, 0.0195, 1.0477,
        0.0080, 0.0034, 0.0191, 0.0092, 0.0209, 0.0185, 0.0066, 0.0071, 0.0077,
        0.0135, 0.0064, 0.5521, 0.0110, 0.0047, 0.0015, 0.0107, 0.0068, 0.0022,
        0.0107, 0.0087, 0.0018, 0.0109, 0.0142, 0.0185, 0.0076, 0.0089, 0.0109,
        0.0129, 0.2768, 0.0062, 0.0042, 0.0044, 0.0216, 0.0016, 0.6930, 0.0093,
        0.0017, 0.0346, 0.0052, 0.0244, 0.0061, 0.0140, 0.0023, 0.0076, 0.0091,
        0.2533, 0.0126, 0.0059, 0.0096, 0.0166, 0.0027, 0.9531, 0.0162, 0.0090,
        0.0041, 0.0086, 0.0071, 0.0024, 0.0049, 0.0051, 0.0087, 0.0064, 0.0024,
        0.0076, 0.0022, 0.0023, 0.0016, 0.2863, 0.0080, 0.0079, 0.0121, 0.0054,
        0.0220, 0.0260, 0.0064, 0.0040, 0.0021, 0.0158, 0.0056, 0.4082, 0.7231,
        0.3681, 0.0075, 0.0036, 0.0186, 0.0127, 0.0201, 0.0079, 0.0120, 0.0025,
        0.0071, 0.3080, 0.0023, 0.0096, 0.0065, 0.0201, 0.0029, 0.0115, 0.0098,
        0.0024, 0.0061, 0.0054, 0.0165, 0.0025, 0.0077, 0.0214, 0.0059, 0.0049,
        0.0224, 1.0151, 0.1934, 0.0075, 0.0079, 0.0060, 1.0800, 0.0066, 0.0199,
        0.0030, 0.0469, 0.0088, 0.0097, 0.0092, 0.0059, 0.0094, 0.0109, 0.0084,
        0.0069, 0.0070, 0.0237, 0.0056, 0.0079, 0.0126, 0.0198, 0.0070, 0.0110,
        0.0458, 0.0056, 0.2787, 0.0058, 0.0105, 1.3018, 0.0017, 0.0258, 0.0026,
        0.0048, 0.0094, 0.0048, 0.0057, 0.0221, 0.3730, 0.0096, 0.0206, 0.0248,
        0.0045, 0.0073, 0.0083, 0.0105, 0.0060, 0.7469, 0.0104, 0.0018, 0.0073,
        0.0059, 0.5812, 0.0159, 0.0022, 0.0023, 0.0106, 0.0060, 0.0094, 0.5015,
        0.0227, 0.0109, 0.0082, 1.0957, 0.0073, 0.0075, 1.0178, 0.0089, 0.0091,
        0.0075, 0.0077, 0.0116, 0.0030, 0.0072, 0.0077, 0.0048, 0.0200, 0.0111,
        0.5533, 0.0196, 0.0021, 0.0113, 0.0086, 0.3011, 0.0029, 0.0017, 0.0042,
        0.0097, 0.3336, 0.0067, 0.0062, 0.9392, 0.0097, 0.9130, 0.0057, 0.0089,
        0.0049, 0.0137, 0.0052, 1.2759, 0.0168, 0.0019, 0.0105, 0.3661, 0.0207,
        0.0083, 0.0210, 0.0068, 0.0020, 0.0064, 0.3842, 0.0061, 0.0047, 0.0061,
        0.0024, 0.0241, 0.0190, 0.8752, 0.0074, 0.0050, 0.0083, 0.0146, 0.0097,
        0.0234, 0.0068, 0.0023, 0.0099, 0.0091, 0.0080, 0.0127, 0.0016, 0.0074,
        0.0018, 0.0077, 0.0023, 0.0050, 0.5955, 0.0031, 0.2865, 0.0093, 0.0021,
        0.0026, 0.0023, 0.0095, 0.0033, 0.1375, 0.0023, 0.0025, 0.3324, 0.0083,
        0.0022, 0.0092, 0.3968, 0.0031, 0.4257, 0.0027, 0.0103, 0.0218, 0.0081,
        0.0037, 0.0251, 0.0077, 0.0062, 0.1015, 0.0038, 0.0090, 0.0039, 0.0060,
        0.0210, 0.0156, 0.0027, 0.0026, 0.0116, 0.0039, 0.0024, 0.0031, 0.1946,
        0.0232, 0.0213, 0.7485, 0.0094, 0.0020, 0.0142, 0.0055, 0.0170, 0.0104,
        0.3052, 0.0101, 0.0140, 0.0233, 0.2351, 0.0074, 0.0049, 0.0096, 0.0021,
        0.0061, 0.0130, 0.0119, 0.0121, 0.0116, 0.0169, 0.0125, 0.0079, 0.0074,
        0.0055, 0.0119, 0.0021, 0.0068, 0.0077, 0.1275, 0.0025, 0.0129, 0.6832,
        0.0161, 0.0072, 0.0086, 0.0071, 0.0027, 0.7536, 0.0026, 1.0008, 0.8528,
        0.0042, 0.0039, 0.0095, 0.0200, 0.6252, 0.0066, 0.0089, 0.0019, 0.9883,
        0.0164, 0.8604, 0.0024, 0.9693, 0.0136, 0.0197, 0.0034, 0.0096, 0.0017,
        0.0080, 0.0218, 0.0141, 0.8767, 0.0065, 0.7678, 0.6071, 0.0062, 0.0051,
        0.0061, 0.0165, 0.0054, 0.0181, 0.0071, 0.0068, 0.0116, 0.0019, 0.0030,
        0.0228, 0.0023, 0.0185, 0.0086, 0.0219, 0.0022, 0.0160, 0.0061],
       device='cuda:0')
tensor([0.0480, 0.0364, 0.0246, 0.0292, 0.0245, 0.0130, 0.3613, 0.2548, 0.0045,
        0.0189, 0.0148, 0.0032, 0.0067, 0.4388, 0.0084, 0.0063, 0.0120, 0.0111,
        0.0091, 0.0198, 0.0160, 0.0239, 0.3773, 0.0286, 0.0040, 0.0099, 0.0148,
        0.0038, 0.0205, 0.0107, 0.0030, 0.0148, 0.0038, 0.5860, 0.0138, 0.0031,
        0.0083, 0.0169, 0.0141, 0.0045, 0.2694, 0.0205, 0.0077, 0.0041, 0.0147,
        0.0155, 0.0037, 0.0176, 0.0148, 0.0212, 0.2226, 0.0491, 0.0419, 0.0080,
        0.0129, 0.0112, 0.0678, 0.0144, 0.0140, 0.0032, 0.0147, 0.0074, 0.0055,
        0.0164, 0.0133, 0.0143, 0.0140, 0.0437, 0.8019, 0.0036, 0.0132, 0.0118,
        0.0097, 0.0132, 1.0021, 0.4774, 0.0131, 0.0038, 0.0035, 0.0152, 0.0123,
        0.0391, 0.0116, 0.0137, 0.0423, 0.0313, 0.0251, 0.0042, 0.0049, 0.0112,
        0.0364, 0.0039, 0.0186, 0.0224, 0.0084, 0.0111, 0.0103, 0.0093, 0.0046,
        0.7291, 0.0171, 0.0368, 0.0153, 0.0180, 0.4341, 0.0147, 0.0131, 0.0138,
        0.0154, 0.0094, 0.0164, 1.3015, 0.0113, 0.0152, 0.0244, 0.0403, 0.0296,
        0.0042, 0.0097, 0.0219, 0.0129, 0.0150, 0.2998, 0.0177, 0.0424, 0.0090,
        0.8050, 0.0125, 0.0124, 0.0105, 0.0091, 0.0082, 0.0041, 0.0157, 0.0260,
        0.4830, 0.0085, 0.0911, 0.0166, 0.0163, 0.0148, 0.0103, 0.3479, 0.0118,
        0.0120, 0.0079, 0.1962, 0.5539, 0.0081, 0.0027, 0.6798, 0.0108, 0.0039,
        0.0066, 0.0086, 0.0033, 0.0188, 0.6718, 0.0152, 0.0117, 0.0153, 0.0153,
        0.0174, 0.0095, 0.0081, 0.0080, 0.0085, 1.0475, 0.0031, 0.0181, 0.0136,
        0.0029, 0.0168, 0.0100, 0.0443, 0.0110, 0.0181, 0.0041, 0.4485, 0.0148,
        0.0175, 0.0110, 0.0073, 0.0138, 0.7815, 0.0046, 0.0236, 0.0136, 0.0153,
        0.0076, 0.0128, 0.0085, 0.0042, 0.0437, 0.0079, 0.4005, 0.0079, 0.0043,
        0.0117, 0.0032, 0.0040, 0.0046, 0.0070, 0.0078, 0.0136, 0.0241, 0.0090,
        0.9371, 0.0150, 0.0080, 0.0093, 0.0038, 0.0771, 0.0092, 0.0098, 0.0294,
        0.0128, 0.4607, 0.0475, 0.0139, 0.0107, 0.0163, 0.0120, 0.0193, 0.0053,
        0.0087, 0.0092, 0.0041, 0.0129, 0.3110, 0.0389, 0.0048, 0.0179, 0.0167,
        0.0041, 0.0109, 0.0076, 0.0136, 0.0040, 0.0118, 0.0136, 0.0074, 0.0087,
        0.0387, 0.0253, 0.0057, 0.0116, 0.0137, 0.0105, 0.0262, 0.0080, 0.0153,
        0.0062, 0.0087, 0.5300, 0.0160, 0.0135, 0.0074, 0.4391, 0.0182, 0.0175,
        0.1647, 0.0108, 0.0188, 0.0078, 0.0122, 0.0134, 0.0145, 0.0109, 0.0178,
        0.0124, 0.0141, 0.0104, 0.0114, 0.0148, 0.0313, 0.0033, 1.2509, 0.0054,
        0.0085, 0.0141, 0.0099, 0.0105, 1.0631, 0.0108, 0.0163, 0.0344, 1.1901,
        0.0098, 0.0088, 0.0147, 0.0178, 0.0061, 0.2332, 0.0189, 0.0031, 0.0127,
        0.0096, 0.0164, 0.0130, 0.0039, 0.0040, 0.0150, 0.0074, 0.0110, 0.0149,
        0.9803, 0.0177, 0.0124, 0.0270, 0.4173, 0.0111, 0.0249, 0.0153, 0.0137,
        0.0115, 0.0091, 0.0188, 0.0050, 0.0125, 0.0153, 0.0082, 0.9609, 0.0867,
        0.0128, 0.9278, 0.0032, 0.3380, 0.0074, 0.0148, 0.0040, 0.0033, 0.0074,
        0.0141, 0.0100, 0.2886, 0.0077, 0.0232, 0.0165, 0.0226, 0.0104, 0.0104,
        0.0081, 0.0223, 0.0094, 0.0295, 0.0142, 0.0036, 0.0148, 0.0084, 0.0163,
        0.4398, 0.0386, 0.0098, 0.0037, 0.0112, 0.0092, 0.0109, 0.0085, 0.0078,
        0.0042, 0.0419, 0.0155, 0.0247, 0.0127, 0.0167, 0.0119, 0.0116, 0.0138,
        0.0416, 0.3193, 0.0032, 0.0161, 0.0150, 0.0083, 0.0108, 0.0033, 0.0099,
        0.0035, 0.0093, 0.0041, 0.0085, 0.0150, 0.0043, 0.0083, 0.0455, 0.0031,
        0.0052, 0.0040, 0.0111, 0.0044, 0.0092, 0.0040, 0.0050, 0.0096, 0.0101,
        0.0045, 0.0109, 0.0099, 0.1440, 0.0113, 0.0060, 0.0147, 0.0138, 0.0146,
        0.0047, 0.0452, 0.0128, 0.0077, 0.0043, 0.0060, 0.0134, 0.0154, 0.0098,
        1.1145, 0.7352, 0.0042, 0.0060, 0.0190, 0.0072, 0.0041, 0.0068, 0.0070,
        1.1217, 0.0170, 0.0189, 0.0137, 0.0046, 0.5914, 0.0075, 0.1663, 0.5075,
        0.0102, 0.0173, 0.0225, 0.0422, 0.0083, 0.0116, 0.0089, 0.0255, 0.0993,
        0.0078, 0.0119, 0.0163, 0.0195, 0.0163, 0.8807, 0.0173, 0.0119, 0.0127,
        0.2799, 0.6188, 0.0037, 0.2120, 0.0092, 0.5678, 0.0043, 0.0212, 0.0180,
        0.0159, 0.0088, 0.3116, 0.0085, 0.0046, 0.0299, 0.0044, 0.0235, 0.0213,
        0.0085, 0.0058, 0.0138, 0.9473, 0.0194, 0.0084, 0.0129, 0.0036, 0.0236,
        0.8079, 0.0218, 0.0042, 0.0240, 0.0153, 0.9851, 0.0067, 0.4633, 0.0034,
        0.0125, 1.0409, 0.0120, 0.0212, 0.0118, 0.0185, 0.0127, 0.0099, 0.0099,
        0.2178, 0.0134, 0.0058, 0.0147, 0.0068, 0.0107, 0.2781, 0.0035, 0.0060,
        0.0180, 0.0040, 0.8854, 0.0100, 0.0172, 0.0034, 0.0107, 0.0073],
       device='cuda:0')
tensor([4.9332e-03, 1.6726e-02, 1.7583e-02, 2.1541e-02, 1.2660e+00, 6.9261e-03,
        9.1985e-03, 1.0660e-02, 2.1348e-03, 1.0682e-01, 1.0197e-02, 9.7396e-04,
        3.3223e-03, 6.8758e-03, 7.9160e-03, 2.2372e-03, 7.8288e-03, 2.1549e-02,
        3.1457e-03, 1.4724e-02, 1.1197e-02, 3.7595e-01, 9.5287e-03, 1.5895e-02,
        1.3327e-03, 5.9906e-01, 1.0168e-02, 1.2275e-03, 6.1310e-01, 7.1078e-03,
        9.0226e-04, 8.6923e-03, 1.2230e-03, 8.8507e-03, 9.4452e-03, 9.4527e-04,
        2.8372e-03, 8.3637e-01, 4.0386e-03, 1.5448e-03, 4.3466e-03, 9.9331e-01,
        2.6430e-03, 1.3357e-03, 1.6290e-02, 8.8063e-03, 1.1731e-03, 8.4652e-01,
        8.2693e-03, 1.4586e-02, 5.1460e-03, 2.4947e-02, 1.9805e-02, 2.7734e-03,
        1.3918e-02, 5.9764e-03, 1.7146e-02, 2.4969e-01, 1.1324e-02, 2.0539e-03,
        6.7512e-01, 2.8040e-03, 1.9035e-03, 9.0874e-03, 8.7664e-03, 6.4845e-01,
        8.1100e-03, 2.1477e-02, 1.4738e-02, 1.1220e-03, 7.4781e-03, 3.2522e-03,
        4.8220e-03, 1.3652e-02, 1.8594e-02, 1.2001e-02, 6.8078e-03, 1.2556e-03,
        1.1147e-03, 8.6550e-03, 9.7153e-03, 1.8452e-02, 1.2407e-02, 6.4069e-01,
        2.0352e-02, 1.8734e-02, 1.4023e-02, 1.3792e-03, 1.6820e-03, 5.8065e-03,
        1.7794e-02, 1.8357e-02, 1.3229e-02, 1.1278e+00, 2.8883e-03, 5.7485e-03,
        6.6410e-03, 3.2325e-03, 1.5662e-03, 1.1653e-02, 9.1273e-03, 1.8572e-02,
        7.2540e-03, 8.8888e-01, 1.0926e-02, 8.2039e-03, 9.0703e-03, 1.5133e-02,
        6.5631e-01, 3.2322e-03, 1.1458e-02, 2.4554e-02, 6.9428e-01, 1.0519e-02,
        1.0627e-02, 2.0165e-02, 8.0873e-03, 1.3886e-03, 4.8215e-03, 7.2497e-03,
        6.7123e-03, 1.6756e-02, 8.4640e-03, 8.7402e-01, 2.1152e-02, 4.2454e-03,
        1.5446e-02, 8.5094e-03, 7.0370e-03, 5.4022e-03, 3.1832e-03, 8.9404e-03,
        1.3804e-03, 1.0781e-02, 1.8983e-02, 7.9101e-03, 3.3304e-01, 1.8492e-02,
        1.7893e-02, 1.1365e-02, 1.0261e-02, 5.2859e-03, 6.4178e-03, 6.0996e-03,
        7.9764e-03, 2.6862e-03, 1.0743e-02, 1.0048e-02, 4.1039e-03, 7.8639e-04,
        1.0965e-02, 5.5200e-03, 1.2700e-03, 7.8304e-03, 4.6183e-03, 1.0269e-03,
        8.7964e-01, 1.2786e-02, 1.0545e-02, 5.9887e-03, 1.7862e-02, 8.8113e-03,
        1.0525e-02, 5.3908e-03, 2.6786e-03, 3.7723e-01, 1.7362e-01, 1.9945e-02,
        9.4031e-04, 1.3139e-02, 1.5504e-02, 8.4307e-04, 7.6617e-01, 2.0792e-01,
        2.1678e-02, 1.2093e-02, 8.9675e-01, 4.2185e-03, 8.9000e-03, 7.2182e-01,
        4.3850e-03, 7.0517e-03, 2.5245e-03, 7.5056e-03, 1.6330e-02, 2.6931e-03,
        1.7360e-02, 9.1613e-03, 1.7376e-02, 8.4192e-03, 6.7769e-03, 2.9576e-03,
        1.4215e-03, 4.0958e-01, 2.8395e-03, 2.3055e-01, 2.7413e-03, 1.5675e-03,
        6.8565e-03, 9.6144e-04, 1.3355e-03, 4.1143e-02, 5.4311e-03, 4.1076e-03,
        1.5557e-02, 9.4957e-03, 4.4059e-03, 1.8308e-02, 6.9983e-03, 2.6848e-03,
        3.0058e-03, 1.2492e-03, 1.1524e-02, 4.5263e-03, 6.1015e-03, 1.3897e-02,
        4.4981e-01, 9.0927e-03, 7.5344e-03, 9.3123e-03, 6.9082e-03, 1.1357e-02,
        6.2913e-03, 9.7735e-01, 2.2136e-03, 2.9648e-03, 5.2679e-03, 1.3653e-03,
        7.5757e-03, 5.6239e-03, 1.7961e-02, 1.6884e-03, 9.0100e-01, 1.9713e-02,
        1.3776e-03, 1.4954e-02, 4.0018e-03, 9.0828e-03, 1.9280e-03, 6.5710e-03,
        9.0664e-03, 2.5365e-03, 5.0011e-01, 1.9164e-02, 2.4856e-02, 2.3115e-01,
        5.9143e-03, 1.8995e-02, 1.2487e-02, 1.9219e-02, 2.7575e-03, 1.0503e-02,
        2.2543e-03, 4.0796e-03, 8.6549e-03, 1.8395e-02, 7.2341e-03, 2.5292e-03,
        1.4248e-01, 8.7846e-01, 1.5675e-02, 4.2173e-01, 5.6524e-03, 1.3456e-02,
        2.4268e-03, 6.3801e-03, 6.8252e-03, 9.8361e-03, 5.5849e-03, 8.7348e-01,
        7.8072e-03, 1.4526e-01, 5.6830e-03, 4.8366e-03, 8.6192e-03, 2.3038e-02,
        1.0201e-03, 2.3659e-02, 2.2643e-03, 9.6927e-03, 7.6120e-03, 3.0988e-01,
        6.2960e-01, 2.0026e-02, 8.0652e-03, 7.5935e-01, 1.8363e-02, 2.2515e-02,
        2.0441e-01, 3.0237e-03, 1.2477e-02, 2.0239e-02, 2.4087e-03, 1.3661e-02,
        9.8137e-03, 9.4208e-04, 1.4279e-02, 4.7758e-03, 7.5966e-02, 8.7151e-03,
        1.2888e-03, 1.3155e-03, 8.2825e-03, 2.5554e-03, 3.8557e-03, 4.7087e-01,
        1.9294e-02, 8.8823e-01, 6.5038e-03, 1.9865e-02, 6.5777e-03, 5.9094e-03,
        1.8052e-02, 1.7067e-02, 7.1928e-03, 5.9818e-03, 3.1680e-03, 9.4003e-01,
        1.7355e-03, 1.9063e-02, 9.4263e-03, 3.9199e-03, 1.8593e-02, 1.1032e-02,
        9.8828e-03, 1.7715e-02, 9.7989e-04, 1.3079e-02, 4.2013e-03, 6.6980e-01,
        1.2745e-03, 1.0016e-03, 3.5899e-03, 7.6315e-03, 5.4510e-03, 5.8936e-03,
        2.6288e-03, 1.6976e-02, 7.7221e-01, 1.6436e-02, 1.1721e-02, 3.6422e-03,
        3.0901e-03, 1.1369e+00, 4.1675e-03, 2.1948e-02, 9.8939e-03, 1.1303e-03,
        8.6532e-03, 6.3938e-03, 1.1377e-02, 9.9459e-03, 1.8395e-02, 4.8471e-03,
        1.1997e-03, 1.3589e-02, 5.7123e-03, 1.1801e-02, 9.8497e-03, 2.5945e-03,
        1.3901e-03, 2.1123e-02, 1.0739e-02, 1.6188e-02, 1.5715e-02, 3.7506e-01,
        6.4789e-03, 6.4249e-03, 7.8010e-03, 2.0209e-02, 6.0195e-03, 9.9728e-04,
        8.0078e-01, 1.7220e-02, 6.1956e-03, 6.7880e-03, 9.4143e-04, 2.6480e-02,
        1.1635e-03, 3.2144e-03, 1.3453e-03, 4.0369e-03, 1.1007e-02, 1.3730e-03,
        6.1159e-03, 7.7252e-03, 9.4401e-04, 2.1713e-03, 1.3294e-03, 3.8799e-03,
        1.4243e-03, 3.6761e-01, 1.3229e-03, 2.5959e-02, 6.9254e-03, 3.4277e-03,
        1.7543e-03, 3.7989e-03, 5.8848e-03, 2.2385e-03, 8.3640e-03, 2.3594e-03,
        8.3828e-03, 9.2106e-03, 1.5350e-02, 1.5691e-03, 2.2253e-02, 1.3139e-02,
        2.6163e-03, 2.4391e-03, 3.0039e-03, 7.5973e-03, 5.8901e-03, 4.7682e-03,
        2.0041e-02, 1.4101e-02, 2.0665e-03, 5.3340e-03, 9.3533e-01, 2.8332e-03,
        1.3679e-03, 2.7955e-03, 4.9101e-03, 2.1527e-02, 1.2106e-02, 2.1545e-01,
        7.4215e-03, 1.7548e-03, 1.1298e-02, 4.0107e-03, 1.7423e-02, 1.2473e-02,
        3.0041e-01, 2.0049e-02, 1.1709e+00, 2.0690e-02, 5.9369e-03, 5.8575e-03,
        1.0505e-02, 7.2627e-01, 6.0582e-02, 2.6828e-03, 7.9066e-03, 9.7096e-03,
        9.9859e-01, 9.0384e-03, 1.6520e-02, 1.0413e-02, 6.2391e-03, 1.4725e-02,
        7.1782e-03, 1.0800e-02, 1.2077e-03, 4.1300e-01, 3.1933e-03, 1.1281e-02,
        1.4605e-03, 1.0586e+00, 1.2967e-02, 7.3976e-01, 3.0377e-03, 6.1278e-01,
        4.8036e-03, 1.5713e-03, 1.5506e-02, 1.5121e-03, 1.7384e-02, 1.5754e-02,
        4.1046e-01, 2.0536e-03, 7.4868e-03, 1.7980e-02, 9.5108e-03, 4.7930e-03,
        7.1500e-03, 1.1260e-03, 1.7296e-02, 1.5056e-02, 1.6032e-02, 1.4116e-03,
        1.8082e-02, 7.8847e-03, 1.8176e-02, 2.6194e-03, 8.7008e-03, 1.0735e-03,
        6.3476e-03, 1.9946e-02, 7.7612e-03, 3.1356e-01, 1.2088e-02, 1.3938e-02,
        8.9931e-03, 4.9287e-03, 1.0096e-02, 5.1516e-03, 8.9425e-03, 2.3641e-03,
        1.0164e-02, 3.0184e-03, 5.3858e-03, 1.3287e-02, 1.1158e-03, 2.5746e-03,
        1.2854e-02, 1.3282e-03, 1.6708e-02, 3.4949e-03, 1.2241e-02, 1.0210e-03,
        6.5882e-03, 2.5704e-03], device='cuda:0')
tensor([0.0232, 0.8392, 0.0180, 0.0214, 0.0171, 0.0057, 0.4979, 0.0146, 0.0022,
        0.0113, 0.0071, 0.0016, 0.0024, 0.0127, 0.0119, 0.0021, 0.0054, 0.0148,
        0.0033, 0.0150, 0.0079, 0.6141, 0.5237, 0.7671, 0.0025, 0.0112, 0.0071,
        0.0023, 0.0088, 0.0050, 0.0016, 0.0068, 0.0023, 0.0164, 0.0065, 0.0015,
        0.0030, 0.0117, 0.0031, 0.0029, 0.0123, 0.0137, 0.0028, 0.0016, 0.0176,
        0.0066, 0.0022, 0.0112, 0.0063, 0.1318, 0.0114, 1.2684, 1.0011, 0.0029,
        0.2802, 0.0053, 0.8767, 0.3512, 0.0100, 0.0028, 0.0095, 0.0022, 0.0023,
        0.0075, 0.0062, 0.0089, 0.0063, 1.0836, 0.0554, 0.0020, 0.0057, 0.0025,
        0.0040, 0.0152, 0.0438, 0.6917, 0.0053, 0.0023, 0.0021, 0.0067, 0.0082,
        0.9381, 0.0140, 0.0092, 1.0313, 0.0181, 0.7448, 0.0016, 0.0019, 0.0048,
        0.8874, 0.0499, 0.0095, 0.0154, 0.0031, 0.0048, 0.0046, 0.0034, 0.0029,
        0.4104, 0.4474, 0.9054, 0.4781, 0.0123, 0.0167, 0.0063, 0.0053, 0.0167,
        0.0092, 0.0034, 0.0081, 0.0459, 0.0110, 0.0075, 0.5157, 1.0176, 0.0054,
        0.0026, 0.0040, 0.3143, 0.0055, 0.0180, 0.4708, 0.0123, 1.0688, 0.0036,
        0.0302, 0.0060, 0.0060, 0.0044, 0.0034, 0.0110, 0.0026, 0.0076, 0.0191,
        0.1945, 0.1661, 0.9663, 0.0191, 0.0081, 0.0072, 0.0044, 0.0090, 0.0048,
        0.0055, 0.0029, 0.0110, 0.0211, 0.0034, 0.0015, 0.2750, 0.0046, 0.0024,
        0.0131, 0.0033, 0.0019, 0.0121, 0.0266, 0.0074, 0.0049, 0.0187, 0.0068,
        0.0081, 0.0058, 0.0028, 0.0048, 0.0147, 0.0392, 0.0020, 0.0132, 0.0173,
        0.0015, 0.0100, 0.0131, 1.0952, 0.0139, 0.0118, 0.0059, 0.4237, 0.0100,
        0.0042, 0.0047, 0.0027, 0.0062, 0.0301, 0.0034, 0.0177, 0.0063, 0.0188,
        0.0093, 0.0056, 0.0032, 0.0026, 0.2152, 0.0025, 0.0161, 0.0029, 0.0027,
        0.0047, 0.0014, 0.0025, 0.0020, 0.0076, 0.0028, 0.0168, 0.4807, 0.0037,
        0.0338, 0.0055, 0.0028, 0.1634, 0.0023, 0.6131, 0.0037, 0.0069, 0.0130,
        0.0066, 0.3907, 0.0084, 0.0066, 0.0050, 0.0081, 0.0052, 0.0132, 0.0021,
        0.0031, 0.0060, 0.0025, 0.0093, 0.0111, 0.9032, 0.0031, 0.0121, 0.0202,
        0.0026, 0.0142, 0.0030, 0.0064, 0.0020, 0.0048, 0.0064, 0.0027, 0.0087,
        0.9678, 0.0173, 0.0043, 0.0049, 0.0171, 0.0140, 0.0201, 0.0030, 0.0075,
        0.0019, 0.0036, 0.0147, 0.0195, 0.0060, 0.0027, 0.0184, 0.0121, 0.0223,
        0.0088, 0.0047, 0.0096, 0.0026, 0.0049, 0.0047, 0.0069, 0.0046, 0.0120,
        0.0055, 0.4013, 0.0060, 0.1976, 0.0068, 0.0233, 0.0019, 0.0434, 0.0024,
        0.0112, 0.0058, 0.0041, 0.0121, 0.0390, 0.0081, 0.0107, 0.9283, 0.0415,
        0.0034, 0.0032, 0.4488, 0.0214, 0.0027, 0.0139, 0.5165, 0.0017, 0.0158,
        0.0037, 0.0094, 0.0061, 0.0024, 0.0024, 0.0068, 0.0027, 0.0040, 0.0078,
        0.0350, 0.0123, 0.0054, 0.0198, 0.0121, 0.0047, 0.0193, 0.0186, 0.0055,
        0.0049, 0.0034, 0.0129, 0.0032, 0.0164, 0.4376, 0.0031, 0.0377, 0.5715,
        0.0091, 0.0343, 0.0015, 0.7711, 0.0028, 0.0082, 0.0016, 0.0019, 0.0031,
        0.0063, 0.0060, 0.0143, 0.0028, 0.0175, 0.0107, 0.0174, 0.0132, 0.0038,
        0.0025, 0.0154, 0.0034, 0.0248, 0.0071, 0.0021, 0.0066, 0.0086, 0.0081,
        0.5317, 0.9258, 0.0041, 0.0022, 0.0145, 0.0066, 0.0137, 0.0114, 0.0028,
        0.0026, 1.0661, 0.0075, 0.0159, 0.0164, 0.0057, 0.0052, 0.0054, 0.0060,
        1.0371, 0.0084, 0.0013, 0.0108, 0.0219, 0.0043, 0.0046, 0.0023, 0.0039,
        0.0020, 0.0034, 0.0025, 0.0035, 0.0126, 0.0017, 0.0063, 0.0053, 0.0014,
        0.0025, 0.0024, 0.0041, 0.0018, 0.0071, 0.0025, 0.0023, 0.0055, 0.0036,
        0.0023, 0.0040, 0.0068, 0.0055, 0.0079, 0.0019, 0.0065, 0.0065, 0.0166,
        0.0018, 1.1247, 0.0153, 0.0028, 0.0032, 0.0027, 0.0057, 0.0063, 0.0039,
        0.0837, 0.0294, 0.0024, 0.0073, 0.0128, 0.0022, 0.0025, 0.0024, 0.0036,
        0.0396, 0.0086, 0.0104, 0.0061, 0.0015, 0.0237, 0.0030, 0.9622, 0.7019,
        0.0065, 0.0209, 0.0158, 1.0368, 0.0044, 0.0048, 0.0121, 0.0101, 0.1045,
        0.0028, 0.0056, 0.0075, 0.0137, 0.0075, 0.0660, 0.0079, 0.0051, 0.0158,
        0.2839, 0.0274, 0.0022, 0.0105, 0.0034, 0.0217, 0.0027, 0.0145, 0.0130,
        0.0099, 0.0032, 0.0154, 0.0037, 0.0029, 0.0132, 0.0028, 0.0203, 0.0156,
        0.0101, 0.0018, 0.0062, 0.0344, 0.4345, 0.0036, 0.0055, 0.0021, 0.0209,
        0.0353, 0.0159, 0.0026, 0.0178, 0.4161, 0.0423, 0.0021, 0.0195, 0.0019,
        0.0052, 0.0376, 0.0054, 0.0118, 0.0134, 0.0166, 0.0104, 0.0041, 0.0120,
        0.0063, 0.0062, 0.0025, 0.0071, 0.0031, 0.0044, 0.7641, 0.0020, 0.0024,
        0.0092, 0.0025, 0.0324, 0.0037, 0.0087, 0.0015, 0.0045, 0.0029],
       device='cuda:0')
tensor([5.6567e-01, 1.2073e-02, 1.6781e-02, 1.9666e-02, 1.1590e-02, 7.0418e-03,
        5.4039e-03, 2.8778e-03, 3.0940e-01, 1.0726e-02, 7.2120e-03, 1.3246e-03,
        2.4375e-03, 4.2281e-01, 3.9071e-03, 2.1146e-03, 5.4341e-03, 2.4633e-03,
        3.3364e-03, 1.3935e-02, 7.9610e-03, 6.3744e-03, 5.6818e-03, 1.0529e-02,
        2.2139e-03, 3.5011e-03, 7.2127e-03, 1.9911e-03, 8.3862e-03, 4.9842e-03,
        1.3124e-03, 9.6283e-01, 1.9826e-03, 4.0984e-01, 6.5906e-03, 1.1513e-03,
        2.9671e-03, 7.9111e-03, 4.0352e-03, 2.6472e-03, 3.4715e-03, 9.2786e-03,
        2.7312e-03, 1.2673e-03, 3.1954e-03, 9.6687e-01, 1.9010e-03, 7.8657e-03,
        9.0371e-01, 1.6701e-02, 3.5794e-03, 1.7856e-02, 1.4351e-02, 2.8982e-03,
        3.3909e-03, 6.3101e-01, 1.1345e-02, 3.8394e-03, 9.4366e-03, 1.0960e-03,
        6.8376e-03, 2.5568e-03, 2.2505e-03, 9.2797e-03, 6.1723e-03, 6.3997e-03,
        8.9126e-01, 1.5610e-02, 1.1214e-02, 1.7042e-03, 8.0318e-01, 3.0963e-03,
        4.9006e-03, 2.6822e-03, 1.4326e-02, 7.0861e-03, 7.3535e-01, 2.0586e-03,
        1.7568e-03, 9.5337e-01, 7.7449e-03, 1.3740e-02, 2.4146e-03, 6.0930e-03,
        1.4642e-02, 1.6714e-02, 8.7408e-03, 1.3719e-03, 1.6386e-03, 5.9736e-03,
        1.2804e-02, 1.3248e-03, 9.5894e-03, 1.0369e-02, 3.0337e-03, 5.8548e-03,
        4.5227e-03, 3.4480e-03, 2.7426e-03, 8.2825e-03, 4.8281e-03, 1.2925e-02,
        3.5227e-01, 8.3322e-03, 8.8246e-03, 9.0045e-01, 7.5641e-01, 2.9521e-03,
        6.3023e-03, 3.4023e-03, 8.2582e-03, 1.8766e-02, 4.5483e-03, 7.5762e-03,
        7.8985e-03, 1.4492e-02, 8.5459e-01, 2.3281e-03, 5.6922e-03, 5.2160e-03,
        6.8188e-03, 3.2733e-03, 4.9649e-03, 8.1862e-03, 1.5351e-02, 4.3035e-03,
        1.2057e-02, 5.9685e-03, 7.6589e-01, 5.4075e-03, 3.3543e-03, 1.7101e-03,
        2.3052e-03, 7.6872e-03, 1.7660e-02, 8.1353e-03, 6.3317e-02, 1.2040e-02,
        3.4698e-03, 8.2034e-03, 7.3057e-03, 5.3788e-03, 5.6650e-01, 6.3292e-01,
        5.4991e-03, 2.8007e-03, 8.0891e-03, 7.6645e-03, 3.7906e-03, 1.1987e-03,
        8.0783e-03, 5.6007e-03, 2.0898e-03, 1.5394e-03, 2.8770e-03, 1.5647e-03,
        8.2545e-03, 1.0058e-02, 7.4435e-03, 6.0976e-03, 3.3833e-03, 9.7082e-01,
        1.1766e+00, 5.6489e-01, 2.7050e-03, 1.8007e-01, 1.6647e-03, 1.5130e-02,
        1.4185e-03, 1.2183e-02, 3.0180e-03, 1.1925e-03, 7.1318e-03, 1.9621e-03,
        1.5519e-02, 2.4001e-03, 8.6065e-03, 1.4008e-01, 5.6471e-03, 7.5922e-03,
        2.6224e-01, 4.8434e-03, 3.2422e-03, 7.6451e-03, 1.1620e-02, 9.6552e-04,
        1.6182e-02, 6.3680e-03, 3.3814e-03, 1.6868e-03, 6.8983e-03, 3.1322e-03,
        2.3764e-03, 3.3190e-03, 2.7373e-03, 5.1190e-03, 2.8813e-03, 2.3349e-03,
        6.4719e-01, 1.1198e-03, 2.2473e-03, 4.6423e-02, 4.4926e-03, 2.3482e-03,
        2.9884e-03, 7.0579e-03, 4.3291e-03, 1.4118e-02, 7.7732e-01, 2.7823e-03,
        2.4078e-03, 2.0049e-03, 7.4938e-03, 4.5971e-03, 4.1092e-01, 1.2161e-02,
        4.8248e-03, 5.7214e-03, 1.3136e-03, 6.6527e-03, 5.0140e-03, 8.1586e-03,
        6.4005e-03, 9.0916e-03, 1.9389e-03, 3.1119e-03, 4.8688e-01, 2.2729e-03,
        8.5197e-01, 4.8355e-03, 1.2895e-02, 2.9457e-03, 8.8195e-03, 3.7235e-03,
        2.3212e-03, 2.3914e-03, 3.0745e-03, 6.3933e-03, 2.7263e-01, 6.4756e-01,
        6.3906e-03, 2.6057e-03, 3.2870e-03, 1.3895e-02, 1.6503e-02, 2.2330e-03,
        6.0282e-03, 3.0643e-03, 2.3432e-03, 1.8219e-02, 2.8992e-03, 7.5367e-03,
        1.9934e-03, 4.0630e-03, 4.0083e-01, 3.5634e-03, 7.3953e-03, 2.5951e-03,
        5.9085e-03, 8.2573e-03, 3.0797e-03, 3.6439e-03, 5.7926e-03, 9.7730e-03,
        2.4073e-03, 6.6981e-01, 4.5515e-03, 7.0348e-03, 5.6869e-03, 8.2726e-03,
        5.3777e-03, 3.7058e-03, 6.3159e-01, 4.0104e-03, 9.4964e-01, 2.1310e-02,
        1.5493e-03, 1.8103e-02, 2.1049e-03, 1.8127e-03, 8.2681e-01, 5.0383e-01,
        3.6053e-03, 1.5366e-02, 1.1666e-02, 7.2282e-03, 1.3329e-02, 1.7198e-02,
        4.6520e-01, 3.1981e-03, 4.3108e-03, 3.9635e-03, 2.6252e-03, 1.0577e-02,
        6.2876e-03, 1.4293e-03, 2.7898e-03, 4.4553e-01, 8.8887e-03, 6.1523e-03,
        2.1041e-03, 2.1756e-03, 8.4752e-03, 2.6316e-03, 4.1398e-03, 5.9276e-03,
        1.4365e-02, 8.2915e-03, 6.6090e-03, 1.8215e-02, 3.3069e-01, 6.1691e-01,
        1.7458e-02, 3.3647e-03, 7.7079e-01, 6.1019e-03, 3.3808e-03, 8.8220e-03,
        3.0507e-03, 2.7975e-03, 4.7348e-03, 3.9401e-03, 1.3794e-02, 6.9119e-03,
        8.5735e-03, 1.3591e-02, 1.3117e-03, 7.3232e-03, 2.7634e-03, 5.4982e-03,
        1.4780e-03, 1.5542e-03, 3.2003e-03, 7.7803e-03, 4.9091e-01, 4.5036e-03,
        2.7236e-03, 1.5957e-02, 7.6074e-03, 1.5297e-02, 2.2872e-03, 3.8804e-03,
        2.9031e-03, 1.0464e-02, 4.2383e-03, 2.1088e-02, 7.0395e-03, 1.7537e-03,
        9.4779e-01, 5.8050e-03, 8.1859e-03, 6.0023e-03, 1.3266e-02, 4.9807e-03,
        1.9162e-03, 2.4486e-03, 3.1047e-01, 2.8592e-03, 1.8195e-03, 2.6737e-03,
        2.3339e-03, 1.5275e-02, 7.6512e-03, 1.4785e-02, 2.8188e-03, 3.6075e-03,
        6.8987e-01, 7.0563e-01, 8.4867e-01, 1.6105e-02, 5.3457e-01, 1.0550e-03,
        8.9977e-03, 3.4407e-03, 3.1803e-03, 4.6653e-03, 1.4342e-03, 5.2515e-01,
        1.5939e-03, 3.3788e-03, 2.2325e-03, 4.1173e-03, 1.0345e-02, 1.5764e-03,
        5.1725e-03, 8.5625e-01, 1.1337e-03, 2.1496e-03, 2.1777e-03, 4.1756e-03,
        1.6212e-03, 3.1531e-03, 2.5179e-03, 2.3248e-03, 5.1771e-03, 3.6183e-03,
        1.9373e-03, 4.0658e-03, 4.8545e-01, 1.9362e-03, 7.2436e-03, 1.0252e-01,
        9.2147e-01, 6.5279e-03, 2.9431e-03, 1.5874e-03, 1.5902e-02, 2.5910e-03,
        2.7023e-03, 2.1464e-03, 3.2390e-01, 7.9339e-01, 1.1610e-03, 4.8343e-03,
        1.5145e-02, 1.0901e-02, 1.5437e-01, 1.1616e-01, 8.7770e-03, 2.5680e-03,
        2.3340e-03, 1.6130e-01, 3.4841e-03, 1.6287e-02, 8.6874e-03, 9.8314e-03,
        7.5560e-03, 1.6818e-03, 8.7847e-03, 2.9931e-03, 1.0697e-02, 7.2323e-03,
        3.9386e-03, 3.8324e-03, 1.0859e-02, 1.4698e-02, 4.0795e-03, 5.9929e-03,
        1.9752e-03, 6.7304e-03, 9.3418e-04, 2.7878e-03, 5.5088e-03, 1.0845e+00,
        9.2448e-03, 9.2196e-03, 1.2185e-02, 1.1542e+00, 6.3567e-03, 2.8101e-03,
        4.0475e-03, 8.6443e-03, 1.9445e-03, 3.8079e-03, 3.3769e-03, 8.2148e-03,
        2.4832e-03, 9.7960e-03, 1.2025e-02, 6.9170e-03, 3.2148e-03, 5.2490e-03,
        3.7324e-03, 2.7208e-03, 1.2462e-02, 2.5811e-03, 1.7908e-02, 1.4526e-02,
        2.3777e-03, 1.2727e-03, 7.6377e-03, 1.4026e-02, 1.1711e-02, 3.6477e-03,
        7.6656e-01, 1.7779e-03, 1.6899e-02, 1.2784e-02, 1.4757e-02, 2.3781e-03,
        1.6372e-02, 4.7980e-03, 1.4523e-02, 2.4015e-03, 7.0881e-03, 1.5182e-03,
        6.4760e-03, 1.5183e-02, 5.3263e-03, 1.0508e-02, 2.4476e-03, 1.3259e-02,
        2.1339e-01, 5.0233e-03, 1.9625e-03, 4.8782e-01, 6.2300e-03, 2.4522e-03,
        7.1510e-03, 3.1344e-03, 5.5539e-03, 7.3321e-03, 1.7859e-03, 2.3334e-03,
        9.3150e-03, 2.1897e-03, 1.3013e-02, 3.7775e-03, 8.8213e-03, 1.3337e-03,
        4.4282e-03, 2.7165e-03], device='cuda:0')
tensor([1.2711e-03, 1.5502e-02, 1.1984e-02, 1.4379e-02, 1.7130e-02, 5.0820e-03,
        6.4436e-03, 7.0225e-01, 8.3580e-04, 8.0845e-03, 5.6401e-03, 1.1389e-03,
        2.0717e-03, 3.3463e-03, 4.6483e-01, 2.1420e-03, 4.3524e-03, 6.9872e-01,
        4.0664e-03, 9.6139e-03, 6.1829e-03, 1.0818e-02, 6.2149e-03, 1.0769e-01,
        1.7711e-03, 4.7221e-01, 5.7132e-03, 1.6071e-03, 8.1024e-03, 4.2658e-03,
        1.0448e-03, 2.1799e-03, 1.6080e-03, 4.8988e-03, 5.2153e-03, 9.4942e-04,
        3.6446e-03, 1.1682e-02, 3.1437e-03, 2.0967e-03, 2.8002e-03, 1.3600e-02,
        3.3222e-03, 1.4566e-03, 9.1033e-01, 2.1948e-03, 1.5267e-03, 1.1679e-02,
        2.0555e-03, 1.2087e-02, 3.1361e-03, 2.2916e-02, 1.8126e-02, 3.4874e-03,
        8.4747e-01, 1.4981e-03, 1.4810e-02, 2.9439e-02, 6.5805e-03, 1.6225e-01,
        9.2990e-03, 2.2277e-03, 2.1413e-03, 6.6188e-03, 5.0610e-03, 8.9611e-03,
        2.0261e-03, 1.9471e-02, 9.8608e-03, 1.3983e-03, 1.8405e-03, 2.4080e-03,
        3.5973e-03, 7.5898e-01, 1.2818e-02, 7.7580e-03, 1.7231e-03, 1.6863e-03,
        1.4270e-03, 2.1623e-03, 5.6234e-03, 1.6996e-02, 6.6988e-01, 1.0347e-02,
        1.9035e-02, 1.2504e-02, 2.9059e-01, 1.5519e-03, 1.8563e-03, 4.2875e-03,
        1.6905e-02, 9.8248e-02, 7.3575e-03, 1.5363e-02, 3.7052e-03, 4.2546e-03,
        3.8650e-03, 4.1948e-03, 2.1510e-03, 6.7137e-03, 3.3325e-01, 1.7327e-02,
        6.1540e-03, 1.2390e-02, 6.6914e-03, 2.0481e-03, 1.6943e-03, 8.3804e-01,
        9.3512e-03, 4.2765e-03, 6.4124e-03, 1.7056e-02, 3.1018e-01, 5.8825e-03,
        1.0428e-02, 1.9460e-02, 1.9549e-03, 1.8642e-03, 3.5943e-03, 7.1267e-03,
        4.9383e-03, 9.3489e-01, 5.7425e-03, 1.2171e-02, 1.9437e-02, 3.2760e-03,
        1.0954e-02, 4.9733e-03, 1.7594e-03, 4.0046e-03, 4.1272e-03, 4.3859e-01,
        1.8492e-03, 6.0037e-03, 1.2823e-02, 4.4434e-03, 4.5003e-03, 1.6093e-02,
        1.0055e+00, 6.3768e-03, 5.6873e-03, 3.9654e-03, 2.4325e-03, 1.5084e-03,
        4.4886e-03, 3.5342e-03, 6.5051e-03, 6.5227e-03, 2.8928e-03, 8.7317e-04,
        6.2822e-03, 4.0803e-03, 1.6809e-03, 4.0242e-01, 2.2511e-03, 1.2748e-03,
        1.2149e-02, 9.7218e-03, 5.7992e-03, 4.4202e-03, 9.7075e-01, 2.2059e-03,
        2.6592e-03, 2.0624e-03, 3.4039e-03, 4.0604e-03, 5.9461e-01, 1.3843e-02,
        1.1386e-03, 8.7018e-03, 8.6845e-01, 9.5351e-04, 1.0462e-02, 7.0925e-01,
        2.0155e-02, 6.5522e-01, 1.2015e-02, 2.4541e-01, 5.5655e-03, 1.0006e-02,
        2.0653e-03, 1.1448e-02, 3.1736e-03, 5.4832e-03, 1.0394e-02, 1.6792e-01,
        1.1667e-02, 5.0740e-03, 9.6974e-01, 4.2938e-01, 4.9778e-03, 3.7503e-03,
        1.9000e-03, 6.1916e-03, 2.7568e-03, 5.5376e-03, 3.5202e-03, 1.8351e-03,
        1.5049e-03, 1.0913e-03, 1.7859e-03, 1.3740e-03, 1.3682e-01, 1.9758e-03,
        8.4821e-01, 9.3788e-03, 3.2788e-03, 1.2470e-02, 1.8549e-03, 3.6894e-03,
        2.8762e-03, 1.6256e-03, 1.0402e-02, 3.4155e-03, 3.0313e-03, 8.9708e-03,
        6.9126e-03, 5.1170e-03, 4.0048e-01, 5.2860e-03, 3.9079e-03, 6.3237e-03,
        4.6327e-03, 1.3189e-02, 1.4066e-03, 3.8856e-03, 2.2291e-03, 1.8269e-03,
        1.9433e-03, 4.4936e-03, 1.6484e-02, 2.3135e-03, 1.2166e-02, 1.0749e+00,
        1.8507e-03, 6.6771e-01, 2.6101e-03, 5.0727e-03, 7.8980e-04, 1.5166e-03,
        5.1839e-03, 3.2493e-03, 2.6403e-01, 1.8015e-02, 1.1847e-02, 8.5608e-02,
        4.3869e-03, 8.7966e-01, 6.3882e-01, 1.3255e-02, 3.5148e-03, 5.9040e-03,
        1.7026e-03, 3.1473e-03, 4.3025e-03, 1.0265e+00, 5.2952e-03, 3.1863e-03,
        5.5972e-03, 1.1951e-02, 9.0288e-01, 6.2931e-03, 4.1978e-03, 7.4800e-03,
        1.2593e-01, 1.5813e-03, 3.8659e-03, 5.5434e-03, 4.1440e-03, 1.2111e-02,
        4.5448e-03, 1.5049e-01, 2.1066e-03, 4.3355e-03, 2.1493e-03, 1.5648e-02,
        1.2667e-03, 1.6534e-02, 1.5112e-03, 5.1784e-01, 1.8985e-03, 2.4969e-03,
        5.4777e-01, 1.4090e-02, 4.8789e-03, 1.0613e-02, 6.5419e-02, 1.5917e-02,
        1.6575e-03, 3.8930e-03, 6.5343e-01, 1.1448e+00, 2.2563e-03, 8.5617e-03,
        2.1786e-01, 1.0949e-03, 7.8146e-01, 1.1488e-03, 7.1142e-03, 4.9032e-03,
        1.6980e-03, 1.7428e-03, 6.0378e-03, 3.2572e-03, 5.0923e-03, 7.7858e-03,
        1.3086e-02, 1.2575e-02, 4.7854e-03, 1.3300e-02, 3.5388e-03, 1.4710e-03,
        1.2520e-02, 9.6237e-01, 1.7888e-03, 4.4190e-03, 4.0592e-03, 1.2960e-02,
        2.3910e-03, 7.9871e-01, 3.7150e-01, 5.0733e-03, 1.2610e-02, 9.5445e-03,
        6.1756e-03, 1.2452e-02, 1.1405e-03, 9.2898e-03, 5.9964e-02, 8.9326e-03,
        1.4895e-03, 1.2468e-03, 2.3187e-03, 5.5735e-03, 2.3840e-03, 3.9130e-03,
        3.3330e-03, 1.1492e-02, 1.0557e-02, 1.2238e-02, 6.2255e-01, 4.8039e-03,
        2.6440e-03, 1.5381e-02, 3.2051e-03, 1.5306e-02, 5.6948e-03, 1.4337e-03,
        2.1480e-03, 1.2490e-01, 6.3451e-03, 6.4971e-03, 1.7014e-02, 3.6466e-03,
        1.5536e-03, 6.7919e-01, 3.1007e-03, 6.5993e-01, 4.7183e-01, 3.3771e-03,
        1.8739e-03, 1.9487e-02, 5.9622e-03, 1.0739e-02, 8.0119e-01, 5.3438e-03,
        1.6205e-03, 1.6823e-03, 1.9385e-03, 1.8425e-02, 2.2708e-03, 1.1052e-03,
        1.0669e-02, 9.7937e-01, 1.9969e-01, 3.8228e-03, 1.1472e-03, 1.1354e-03,
        1.2517e-03, 4.1767e-03, 1.7901e-03, 3.0369e-03, 7.4174e-03, 1.6082e-03,
        3.8697e-03, 1.9139e-03, 1.0678e-03, 1.5507e-03, 1.7564e-03, 5.1129e-03,
        1.6641e-03, 5.1059e-03, 1.7790e-03, 1.6087e-03, 3.9530e-03, 4.5220e-03,
        1.4308e-03, 5.0034e-03, 2.8338e-03, 2.3376e-03, 4.9895e-03, 1.4583e-03,
        2.0922e-03, 5.2931e-03, 8.4853e-01, 1.7980e-03, 2.0390e-02, 7.4129e-01,
        3.3212e-03, 1.4722e-02, 8.0319e-04, 1.8163e-03, 3.9515e-01, 3.6300e-03,
        1.3177e-02, 9.9289e-03, 5.4896e-04, 3.4674e-01, 1.2808e-02, 2.0912e-03,
        1.8308e-03, 1.7910e-03, 2.7167e-03, 1.4924e-02, 6.7156e-03, 8.1606e-03,
        5.4200e-03, 1.3419e-02, 8.1807e-03, 2.5490e-03, 1.4328e-02, 7.8433e-03,
        5.1802e-03, 1.1084e+00, 1.5979e-02, 1.8937e-02, 3.2585e-03, 4.3447e-03,
        5.2201e-01, 1.0285e-02, 2.6950e-01, 3.3116e-03, 4.5889e-03, 2.4552e-03,
        1.4038e-02, 6.5784e-03, 1.0588e-02, 2.6033e-03, 4.6010e-03, 7.9168e-01,
        3.9858e-03, 5.1475e-02, 1.5720e-03, 6.1546e-03, 4.1452e-03, 9.0481e-03,
        1.9721e-03, 1.4507e-02, 8.5755e-03, 1.0048e-02, 3.9420e-03, 8.6106e-03,
        3.1173e-03, 2.1466e-03, 9.1718e-03, 2.0482e-03, 1.2111e-02, 1.0389e-02,
        4.6662e-01, 1.0606e-03, 5.4657e-03, 1.2791e-02, 1.0264e-02, 3.0754e-03,
        1.7708e-03, 1.4388e-03, 1.2198e-02, 1.0326e-02, 1.0614e-02, 1.8957e-03,
        1.1773e-02, 2.4798e-01, 1.2622e-02, 1.9053e-03, 6.6001e-03, 1.2353e-03,
        4.6902e-03, 1.3871e-02, 4.3500e-03, 9.6780e-03, 6.7550e-01, 9.2987e-03,
        5.7075e-03, 3.6773e-03, 5.2367e-01, 1.6701e-03, 4.9846e-03, 2.0816e-03,
        5.6553e-03, 2.5534e-03, 4.0486e-03, 9.9347e-03, 1.4109e-03, 1.6295e-03,
        7.1429e-03, 1.7575e-03, 1.1835e-02, 4.5091e-03, 6.7940e-03, 1.1905e-03,
        3.7432e-03, 3.0248e-03], device='cuda:0')
tensor([1.0462e-03, 7.6925e-03, 8.7186e-03, 1.0845e-02, 6.2345e-03, 1.0037e+00,
        2.3349e-03, 2.0035e-03, 1.3758e-03, 5.6104e-03, 1.1815e-02, 3.5885e-03,
        2.8722e-01, 1.9539e-03, 2.1245e-03, 2.1423e-01, 8.9354e-03, 2.1321e-03,
        1.0635e-02, 6.7689e-03, 1.3055e-02, 4.4809e-03, 2.4709e-03, 6.3090e-03,
        4.6425e-03, 1.8404e-03, 1.1719e-02, 4.2033e-03, 2.7371e-03, 3.0831e-01,
        3.1656e-03, 2.0095e-03, 4.1676e-03, 2.8518e-03, 1.1322e-02, 2.5807e-03,
        9.4750e-03, 3.9284e-03, 5.4616e-01, 5.6425e-03, 2.0186e-03, 4.7539e-03,
        8.6894e-03, 4.1219e-03, 2.8286e-03, 2.0214e-03, 3.9651e-03, 4.0832e-03,
        1.8751e-03, 8.2258e-03, 2.9343e-03, 1.2283e-02, 9.3459e-03, 1.1117e-02,
        2.2812e-03, 1.2693e-03, 7.6775e-03, 2.5395e-03, 4.7132e-03, 1.6528e-03,
        3.1073e-03, 4.1767e-01, 4.7514e-03, 1.3459e+00, 9.9697e-03, 3.0037e-03,
        1.8483e-03, 1.0230e-02, 7.3570e-03, 3.6062e-03, 1.6446e-03, 4.3569e-01,
        6.6167e-01, 2.3303e-03, 9.4199e-03, 3.2102e-03, 1.4996e-03, 4.3337e-03,
        4.1524e-03, 1.9872e-03, 4.9774e-03, 8.7113e-03, 2.0240e-03, 2.9509e-03,
        9.6768e-03, 9.2290e-03, 4.7345e-03, 4.5004e-03, 6.3853e-03, 8.2389e-01,
        8.1829e-03, 6.3899e-04, 1.5497e-02, 5.4806e-03, 9.5834e-03, 8.1530e-01,
        1.8625e-01, 1.0960e-02, 5.7536e-03, 4.0345e-03, 2.2569e-03, 8.3725e-03,
        1.9057e-03, 4.2022e-03, 4.4986e-03, 1.8642e-03, 1.5280e-03, 2.5888e-03,
        3.0245e-03, 1.0980e-02, 1.3454e-02, 1.2379e-02, 2.2465e-03, 1.3485e-02,
        4.4407e-03, 9.5648e-03, 1.7322e-03, 4.9404e-03, 6.6972e-01, 2.6365e-03,
        9.7263e-01, 2.9164e-03, 2.2450e-03, 4.1377e-03, 1.0105e-02, 5.8659e-01,
        7.6244e-03, 2.0955e-01, 1.5577e-03, 7.5270e-01, 1.0745e-02, 1.4876e-03,
        4.8521e-03, 1.2442e-02, 9.4413e-03, 2.9528e-03, 1.4318e-03, 8.3282e-03,
        3.1700e-03, 1.3248e-02, 1.1953e-02, 7.4190e-01, 1.5767e-03, 1.2741e-03,
        6.2049e-02, 8.8538e-03, 4.1830e-03, 4.8599e-03, 5.3788e-01, 2.5247e-03,
        4.1835e-03, 7.5977e-01, 4.3866e-03, 1.2823e-03, 5.1786e-03, 3.3273e-03,
        4.1502e-03, 6.3014e-03, 1.2687e-02, 8.5503e-01, 3.0414e-03, 2.0298e-03,
        2.5140e-03, 1.5033e-03, 9.7647e-03, 1.0181e-03, 1.4744e-03, 9.8748e-03,
        2.9895e-03, 5.9706e-03, 2.7115e-03, 2.8693e-03, 3.6984e-03, 1.7778e-03,
        1.0368e-02, 1.9320e-03, 4.2452e-03, 5.3249e-04, 2.3741e-03, 3.3214e-03,
        1.1928e-03, 8.1646e-03, 8.2707e-03, 1.0956e+00, 7.3300e-03, 1.9662e-03,
        8.4827e-03, 1.0937e-02, 3.0500e-03, 1.1744e-03, 9.7992e-01, 9.9171e-03,
        5.7847e-03, 1.9671e-03, 2.9812e-01, 2.4812e-03, 9.0918e-03, 9.9603e-02,
        1.2998e-03, 3.4396e-03, 4.6840e-03, 7.9588e-02, 1.8355e-03, 4.2212e-03,
        2.6182e-03, 3.9267e-03, 5.8283e-01, 8.8807e-03, 1.6187e-03, 9.0479e-03,
        9.2415e-04, 4.4210e-03, 4.8199e-03, 6.1808e-01, 1.8745e-03, 6.3812e-03,
        2.5413e-03, 2.3998e-03, 1.1070e-03, 1.0718e-02, 7.7868e-03, 1.3465e-02,
        9.0257e-01, 4.7207e-03, 3.6826e-01, 9.9311e-03, 1.5011e-03, 4.7995e-03,
        1.7490e-03, 2.5227e-01, 8.3324e-03, 6.2322e-03, 4.2403e-03, 3.4296e-03,
        4.8834e-03, 2.0144e-03, 4.2544e-01, 1.0403e-02, 1.3202e-03, 1.3043e-03,
        1.0483e-02, 8.3105e-03, 1.5591e-03, 9.0487e-03, 8.9890e-03, 1.1457e-03,
        8.4464e-01, 2.7308e-03, 1.9265e-03, 9.7216e-03, 9.2173e-03, 1.2278e-02,
        2.9143e-01, 5.7336e-01, 2.5139e-03, 3.2570e-03, 1.0538e+00, 8.6853e-03,
        3.1476e-03, 4.1308e-03, 2.8188e-03, 1.5548e-03, 7.9689e-01, 1.5886e-02,
        7.5836e-03, 1.3538e-03, 7.5896e-03, 1.1333e-02, 7.8852e-01, 4.1239e-03,
        8.5859e-03, 2.1978e-03, 1.5928e-03, 1.4641e-01, 1.9742e-03, 1.1851e-02,
        3.2686e-03, 1.1914e-02, 3.9928e-01, 1.2981e-03, 1.7037e-03, 9.5596e-04,
        1.9786e-03, 1.0064e-02, 3.1197e-03, 3.5335e-03, 8.5400e-03, 1.1330e-02,
        8.0557e-04, 1.0148e-02, 2.2859e-03, 3.6789e-03, 4.6213e-03, 5.5597e-03,
        3.1318e-03, 3.1677e-03, 2.3922e-03, 8.6948e-04, 4.5093e-03, 9.9956e-03,
        5.2237e-03, 4.5811e-03, 1.2191e+00, 8.4010e-03, 1.3320e-02, 3.2048e-03,
        9.3226e-03, 4.1906e-03, 9.3697e-01, 9.8677e-03, 2.0001e-03, 1.2396e-03,
        9.1188e-03, 3.0169e-03, 1.5779e-03, 8.5372e-01, 1.0800e-02, 4.4767e-03,
        6.4375e-03, 2.4555e-03, 2.1824e-03, 5.1909e-01, 9.0198e-03, 4.2563e-03,
        3.0941e-03, 8.7713e-03, 3.6157e-03, 3.8542e-03, 4.3870e-03, 2.9628e-03,
        4.6914e-03, 3.2301e-03, 5.8789e-01, 1.1174e+00, 1.5940e-03, 2.6297e-03,
        8.6395e-03, 8.4126e-03, 3.5935e-03, 8.1186e-03, 1.7906e-03, 1.2460e-02,
        4.3865e-01, 5.5177e-03, 5.5724e-01, 1.1544e-02, 5.1641e-02, 3.7273e-03,
        1.9745e-03, 2.3849e-03, 1.3616e-02, 2.5796e-03, 8.5889e-03, 6.7904e-01,
        3.9926e-03, 2.0553e-03, 1.8224e-03, 1.9493e-03, 1.4808e-03, 8.5732e-03,
        4.9063e-03, 1.0096e-02, 1.2631e-02, 7.8009e-03, 2.4521e-03, 2.2098e-02,
        1.3975e-03, 1.4523e-03, 1.7507e-03, 9.7063e-03, 1.4712e-03, 3.4164e-03,
        3.7054e-03, 3.0845e-03, 4.8621e-03, 9.3176e-03, 2.9595e-03, 9.8987e-04,
        8.0811e-02, 1.0802e-02, 4.7133e-03, 5.3633e-01, 5.0326e-03, 5.0756e-03,
        2.0440e-03, 1.6922e-03, 3.3813e-03, 3.8659e-01, 4.6133e-03, 1.3438e-02,
        5.2311e-03, 1.6616e-03, 4.7072e-03, 2.4684e-01, 4.4814e-03, 1.1852e-02,
        2.8712e-01, 1.3147e-02, 1.8271e-03, 3.5031e-03, 2.9430e-03, 1.3814e-01,
        1.9162e-03, 1.0565e-02, 2.6283e-03, 5.2114e-03, 1.0679e-02, 2.2743e-03,
        8.5873e-03, 1.3189e-03, 1.2426e-03, 1.6212e-03, 1.7098e-03, 6.5582e-01,
        1.0401e-02, 6.9164e-03, 4.8176e-04, 7.3324e-04, 4.4506e-03, 4.2828e-01,
        4.8527e-03, 3.8282e-01, 2.4397e-03, 1.0636e-02, 1.4682e-02, 5.1974e-03,
        1.0822e+00, 1.8667e-01, 5.5327e-03, 3.8557e-01, 7.1668e-03, 3.2847e-03,
        2.0646e-03, 3.5472e-03, 5.7068e-03, 9.7595e-03, 6.6160e-03, 8.3603e-01,
        1.5066e-03, 3.3362e-03, 5.8392e-04, 1.3800e-02, 1.9900e-01, 2.2937e-03,
        4.7854e-03, 1.3378e+00, 8.0755e-03, 2.4586e-03, 8.9571e-01, 2.4265e-03,
        1.6182e-03, 5.3468e-03, 4.0729e-03, 1.6044e-03, 1.0857e-02, 5.2514e-03,
        5.2484e-03, 5.1143e-03, 5.9829e-03, 3.4806e-03, 1.0197e-02, 2.2942e-03,
        5.4778e-01, 5.7569e-03, 6.6637e-03, 5.5527e-03, 8.9032e-03, 7.4446e-03,
        1.3649e-03, 2.2892e-03, 1.0926e+00, 9.0301e-03, 5.1719e-03, 5.2359e-01,
        1.5642e-03, 3.7423e-03, 8.8874e-03, 7.4945e-03, 7.6241e-03, 5.0135e-03,
        8.6542e-03, 2.2994e-03, 9.2196e-03, 3.6697e-01, 4.3451e-03, 3.1040e-03,
        9.1353e-01, 9.8718e-03, 1.0691e-02, 5.8808e-03, 2.0144e-03, 6.6348e-03,
        3.5369e-03, 6.8114e-01, 1.5652e-03, 1.1270e-03, 1.0344e-02, 5.0586e-03,
        1.1757e-02, 5.2339e-03, 7.6079e-01, 4.1137e-03, 3.5050e-03, 4.3635e-01,
        1.5174e-02, 4.6169e-03, 8.8155e-03, 1.2083e-02, 1.4343e-02, 3.8067e-03,
        7.4814e-03, 8.2073e-03], device='cuda:0')
tensor([0.0017, 0.0078, 0.0076, 0.0092, 0.0047, 0.0129, 0.0031, 0.0043, 0.0035,
        0.0053, 0.0094, 0.3436, 0.0044, 0.0032, 0.0037, 0.4576, 0.0079, 0.0045,
        0.8745, 0.0062, 0.0104, 0.0042, 0.0033, 0.0069, 0.0110, 0.0024, 0.0093,
        0.0096, 0.0024, 0.0075, 0.2298, 0.0029, 0.0096, 0.0044, 0.0089, 0.0058,
        0.7770, 0.0032, 0.0077, 0.0126, 0.0029, 0.0037, 0.7144, 0.4363, 0.0059,
        0.0029, 0.0092, 0.0034, 0.0027, 0.0075, 0.0030, 0.0115, 0.0092, 0.7477,
        0.0047, 0.0019, 0.0079, 0.0027, 0.0051, 0.0044, 0.0026, 0.3573, 0.4288,
        0.0171, 0.0081, 0.0026, 0.0027, 0.0099, 0.0078, 0.0089, 0.0024, 0.0055,
        0.0088, 0.0050, 0.0098, 0.0040, 0.0022, 0.0101, 0.0086, 0.0029, 0.0051,
        0.0087, 0.0044, 0.0025, 0.0095, 0.0080, 0.0060, 0.5061, 0.4777, 0.0108,
        0.0082, 0.0017, 0.0124, 0.0042, 0.7877, 0.0107, 0.0065, 0.9070, 0.0152,
        0.0048, 0.0037, 0.0084, 0.0033, 0.0034, 0.0049, 0.0027, 0.0023, 0.0054,
        0.0026, 0.8966, 0.0107, 0.0126, 0.0024, 0.0098, 0.0057, 0.0093, 0.0025,
        0.0113, 0.0089, 0.0038, 0.0129, 0.0060, 0.0030, 0.0033, 0.0098, 0.0078,
        0.0085, 0.0082, 0.0023, 0.0113, 0.8821, 0.0030, 0.0111, 0.0100, 0.0082,
        0.0038, 0.0015, 0.0084, 0.0064, 0.0107, 0.0094, 0.0107, 0.0025, 0.0019,
        0.0071, 0.7286, 0.0041, 0.0057, 0.0070, 0.1418, 0.0049, 0.0095, 0.0102,
        0.0029, 0.0050, 0.0079, 0.0034, 0.0075, 0.0097, 0.0111, 0.0062, 0.0029,
        0.0035, 0.0020, 0.7121, 0.0013, 0.0030, 0.0104, 0.0069, 0.0055, 0.0056,
        0.2066, 0.0032, 0.0035, 0.0100, 0.0043, 0.0035, 0.0016, 0.0032, 0.0028,
        0.0016, 0.0065, 0.6867, 0.0140, 0.0081, 0.1926, 0.0074, 0.0084, 0.0062,
        0.0029, 0.0126, 0.8246, 0.0110, 0.0019, 0.5969, 0.0033, 0.7463, 0.0096,
        0.0020, 0.3900, 0.0119, 0.0021, 0.0025, 0.0037, 0.0054, 0.0044, 0.0077,
        0.0095, 0.0023, 0.7302, 0.0290, 0.0096, 0.0054, 0.0090, 0.0023, 0.0058,
        0.0026, 0.0032, 0.0028, 0.0090, 0.0615, 0.0107, 0.0118, 0.0037, 0.0055,
        0.8172, 0.0020, 0.0110, 0.0026, 0.0055, 0.0083, 0.0139, 0.0034, 0.0068,
        0.0118, 0.0043, 0.0060, 0.0088, 0.0034, 0.0020, 0.0083, 0.6784, 0.0018,
        0.0089, 0.0079, 0.0015, 0.0111, 0.0056, 0.0042, 0.0084, 0.7573, 0.0098,
        0.1654, 0.0075, 0.0040, 0.0066, 0.0135, 0.6749, 0.0040, 0.0033, 0.0058,
        0.0017, 0.0104, 0.0127, 0.6874, 0.0020, 0.0063, 0.0091, 0.0104, 0.0033,
        0.0071, 0.0028, 0.0021, 0.0030, 0.0028, 0.0099, 0.0076, 0.0123, 0.0059,
        0.0028, 0.0025, 0.0014, 0.0027, 0.0106, 0.0032, 0.0029, 0.0088, 0.0118,
        0.0013, 0.8381, 0.0043, 0.0073, 0.3902, 0.0052, 0.0043, 0.1647, 0.0051,
        0.0018, 0.0044, 0.0090, 0.0100, 0.0106, 0.0155, 0.6841, 1.0885, 0.0033,
        0.0100, 0.0034, 0.0121, 0.0085, 0.0033, 0.0019, 0.0079, 0.0062, 0.0023,
        0.0112, 0.8901, 0.0036, 0.0146, 0.0051, 0.0037, 0.0071, 0.0096, 0.0049,
        0.0036, 0.0095, 0.3581, 0.0045, 0.0039, 0.0028, 0.5547, 0.0078, 0.0065,
        0.0144, 0.0020, 0.0035, 0.7112, 0.0073, 0.0030, 0.0072, 0.0041, 1.0223,
        0.5026, 0.0042, 0.0076, 0.0097, 0.0089, 0.0085, 0.0028, 0.0029, 0.0106,
        0.0034, 0.0086, 0.0090, 0.0093, 0.0044, 0.0023, 0.0043, 0.0032, 0.6980,
        0.0117, 0.0098, 0.0101, 0.0069, 0.0051, 0.0015, 0.0021, 0.0021, 0.0025,
        0.0094, 0.0023, 0.3932, 0.0031, 0.0062, 0.0045, 0.0061, 0.0082, 0.0016,
        0.0067, 0.8913, 0.0107, 0.0072, 0.0046, 0.6023, 0.0602, 0.0024, 0.3764,
        0.0064, 0.0105, 1.0975, 0.6239, 0.0017, 0.0104, 0.0039, 0.0044, 0.9570,
        0.0065, 1.0695, 0.0023, 0.2750, 0.0027, 0.0024, 0.0028, 0.0085, 0.0055,
        0.5879, 0.0103, 0.0048, 0.7041, 0.0808, 0.1531, 0.0024, 0.1764, 0.0115,
        0.0103, 0.0078, 0.0646, 0.0020, 0.0035, 0.2510, 0.0110, 0.0044, 0.0035,
        0.0112, 0.0113, 0.0050, 0.0138, 0.0026, 0.0064, 0.0056, 0.0072, 0.0040,
        0.0022, 0.0070, 0.0044, 0.0095, 0.0039, 0.0109, 0.0035, 0.0028, 0.0015,
        0.7026, 0.0077, 0.0032, 0.0038, 0.0170, 0.0084, 0.0035, 0.0117, 0.0051,
        0.0024, 0.0063, 0.0095, 0.0018, 0.8866, 0.0059, 0.0120, 0.0040, 0.0055,
        0.0030, 0.8371, 0.0024, 0.0070, 0.0133, 0.0060, 0.0122, 0.0078, 0.0067,
        0.0021, 0.0039, 0.0140, 0.0097, 0.0056, 0.0070, 0.0023, 0.0087, 0.0078,
        0.0081, 0.0068, 0.0116, 0.0076, 0.0036, 0.0097, 0.1534, 0.0104, 0.0074,
        0.0119, 0.0105, 0.0070, 0.0055, 0.0107, 0.0060, 0.0038, 0.0091, 0.0035,
        0.0018, 0.0082, 0.3291, 0.0093, 0.4097, 0.0100, 0.0046, 0.0249, 0.0052,
        0.0121, 0.0105, 0.0092, 0.9974, 0.0114, 0.3952, 0.0059, 0.7422],
       device='cuda:0')
